      MDL_CABI = 4.880000D-01
      MDL_MZINPUT = 9.118800D+01
      MDL_MZDINPUT = 1.000000D+03
      MDL_MHSINPUT = 5.000000D+00
      MDL_EPSILON = 1.000000D-10
      MDL_KAP = 2.000000D-06
      MDL_AXM1 = 1.279000D+02
      MDL_MHINPUT = 1.250000D+02
      MDL_SWSQ = 2.250000D-01
      AEWM1 = 1.279000D+02
      MDL_GF = 1.166390D-05
      AS = 1.180000D-01
      MDL_YMC = 1.420000D+00
      MDL_YMB = 4.700000D+00
      MDL_YMT = 1.743000D+02
      MDL_YMEL = 5.110000D-04
      MDL_YMMU = 1.057000D-01
      MDL_YMTAU = 1.777000D+00
      MDL_ME = 5.110000D-04
      MDL_MM = 1.057000D-01
      MDL_MTA = 1.777000D+00
      MDL_MC = 1.420000D+00
      MDL_MT = 1.743000D+02
      MDL_MB = 4.700000D+00
      MDL_WT = 1.573710D+00
      MDL_WZ = 2.441404D+00
      MDL_WZP = 2.182476D-19
      MDL_WW = 2.047600D+00
      MDL_WH = 7.288770D-03
      MDL_WHS = 1.496411D-13
